

Sensitivity Analysis Report for RecSysALS
================================================================================
n_clusters | RgrpAgglomerative | Group Losses | RMSE
--------------------------------------------------------------------------------
 3 | 0.0037604 | 0.7480829 | 0.8712488 | 0.7352054 | 0.8751394
 4 | 0.0030424 | 0.8712488 | 0.7408430 | 0.7352054 | 0.7617414 | 0.8751394
 5 | 0.0061508 | 0.7352054 | 0.7408430 | 0.8431107 | 0.7617414 | 0.9408125 | 0.8751394
 6 | 0.0057852 | 0.7408430 | 0.7617414 | 0.8431107 | 0.7339468 | 0.9408125 | 0.7367263 | 0.8751394
 7 | 0.0052996 | 0.7617414 | 0.7339468 | 0.8431107 | 0.7422468 | 0.9408125 | 0.7367263 | 0.7387587 | 0.8751394


Sensitivity Analysis Report for RecSysNMF
================================================================================
n_clusters | RgrpAgglomerative | Group Losses | RMSE
--------------------------------------------------------------------------------
 3 | 0.0027396 | 0.6737342 | 0.7840130 | 0.6722422 | 0.8332745
 4 | 0.0029914 | 0.7857630 | 0.6955104 | 0.6720247 | 0.6381471 | 0.8338045
 5 | 0.0045304 | 0.6758112 | 0.6970550 | 0.7658634 | 0.6396696 | 0.8278154 | 0.8349387
 6 | 0.0041797 | 0.6948917 | 0.6375890 | 0.7718045 | 0.6798967 | 0.8217443 | 0.6609928 | 0.8335391
 7 | 0.0038598 | 0.6334582 | 0.6850004 | 0.7611163 | 0.6864071 | 0.8339573 | 0.6653783 | 0.7068880 | 0.8340789


Sensitivity Analysis Report for RecSysKNN
================================================================================
n_clusters | RgrpAgglomerative | Group Losses | RMSE
--------------------------------------------------------------------------------
 3 | 0.0031328 | 0.9898990 | 1.1062011 | 1.1109219 | 1.0338668
 4 | 0.0033644 | 1.1062011 | 0.9779038 | 1.1109219 | 1.0125284 | 1.0338668
 5 | 0.0030414 | 1.1109219 | 0.9779038 | 1.1163396 | 1.0125284 | 1.0811366 | 1.0338668
 6 | 0.0029457 | 0.9779038 | 1.0125284 | 1.1163396 | 1.1031437 | 1.0811366 | 1.1203210 | 1.0338668
 7 | 0.0040428 | 1.0125284 | 1.1031437 | 1.1163396 | 0.9303820 | 1.0811366 | 1.1203210 | 1.0484679 | 1.0338668
